00,0,5182961
00,1,592515
01,0,3762313
01,1,489843
02,0,2847057
02,1,314291
03,0,2072792
03,1,238882
04,0,1534646
04,1,172918
05,0,1293288
05,1,136016
06,0,2446881
06,1,395047
07,0,4147684
07,1,778371
08,0,5041471
08,1,860561
09,0,5183567
09,1,826636
10,0,5113562
10,1,745158
11,0,5228010
11,1,805859
12,0,5396248
12,1,898494
13,0,5379350
13,1,893898
14,0,5646529
14,1,871765
15,0,5337095
15,1,898031
16,0,4534951
16,1,731521
17,0,5538374
17,1,968014
18,0,6918328
18,1,1078576
19,0,7230953
19,1,1188109
20,0,7247718
20,1,956922
21,0,7380567
21,1,851440
22,0,7336560
22,1,762109
23,0,6573402
23,1,654476
