0,0,1.1405452295208323
0,1,1.167158612308042
1,0,2.750211235098108
1,1,2.823076581461607
2,0,4.381919159332959
2,1,4.506711236670109
3,0,5.801928031351365
3,1,5.896594445854363
4,0,6.037454744247005
4,1,6.1035485451489775
5,0,7.554187230654577
5,1,7.6951097258024515
6,0,9.25234781033644
6,1,9.77686422462189
7,0,9.59701200412857
7,1,9.438691430889154
8,0,10.356994222436258
8,1,10.353450210431653
9,0,11.209532142463642
9,1,12.360097688292107
10,0,10.14205257882258
10,1,13.232410673667411
11,0,10.140990889986226
11,1,8.879444463514826
12,0,8.074447941510977
12,1,6.013409116051414
13,0,8.176120490742376
13,1,9.125249986350536
14,0,5.6271225017020505
14,1,7.192452889568401
15,0,7.094066405197397
15,1,10.210312560200691
16,0,3.9509148357629966
16,1,1.6798181793906473
17,0,4.071874966472388
17,1,3.206896551724138
18,0,4.958994109249679
18,1,1.6412500143051147
19,0,4.044656491461601
19,1,0.4117647058823529
